!row 1 name
!row 2 number of paddles
!next N rows, the length (cm) four midplane corners
!L  P0x	P0z	P1x	P1z	P2x	P2z	P3x	P3z
!in sector system. In normal view (beam from left, top sector) a paddle is tilted to the left. P0 is the 
!upper right corner, P1 the bottom right, P2 the bottom left, p3 the upper left

Panel 1A
23
  32.3000   84.8072  721.6609   71.2036  728.0044   69.0567  723.4004   82.6603  717.0569
  48.1000   98.5889  715.2344   84.9852  721.5779   82.8383  716.9739   96.4420  710.6304
  64.0000  112.3706  708.8079   98.7669  715.1514   96.6200  710.5474  110.2237  704.2039
  79.8000  126.1523  702.3814  112.5486  708.7249  110.4017  704.1209  124.0054  697.7774
  95.7000  139.9340  695.9549  126.3303  702.2984  124.1834  697.6943  137.7871  691.3508
 106.6000  153.7156  689.5284  140.1120  695.8719  137.9651  691.2678  151.5687  684.9243
 122.4000  167.4973  683.1019  153.8936  689.4454  151.7467  684.8413  165.3504  678.4978
 138.3000  181.2790  676.6754  167.6753  683.0189  165.5284  678.4148  179.1321  672.0713
 154.1000  195.0607  670.2489  181.4570  676.5924  179.3101  671.9883  192.9138  665.6448
 170.0000  208.8424  663.8224  195.2387  670.1659  193.0918  665.5618  206.6955  659.2183
 185.8000  222.6240  657.3959  209.0204  663.7394  206.8735  659.1353  220.4771  652.7918
 201.7000  236.4057  650.9694  222.8020  657.3129  220.6551  652.7088  234.2588  646.3653
 217.6000  250.1874  644.5429  236.5837  650.8864  234.4368  646.2823  248.0405  639.9388
 233.4000  263.9691  638.1164  250.3654  644.4599  248.2185  639.8558  261.8222  633.5123
 249.3000  277.7508  631.6899  264.1471  638.0334  262.0002  633.4293  275.6039  627.0858
 265.1000  291.5324  625.2634  277.9288  631.6069  275.7818  627.0028  289.3855  620.6593
 281.0000  305.3141  618.8369  291.7104  625.1804  289.5635  620.5763  303.1672  614.2328
 296.8000  319.0958  612.4104  305.4921  618.7539  303.3452  614.1498  316.9489  607.8063
 312.7000  332.8775  605.9839  319.2738  612.3274  317.1269  607.7233  330.7306  601.3798
 328.5000  346.6591  599.5574  333.0555  605.9009  330.9086  601.2968  344.5122  594.9533
 344.4000  360.4408  593.1309  346.8371  599.4744  344.6902  594.8703  358.2939  588.5268
 360.2000  374.2225  586.7044  360.6188  593.0479  358.4719  588.4438  372.0756  582.1003
 376.1000  388.0042  580.2779  374.4005  586.6214  372.2536  582.0173  385.8573  575.6738

!row 1 name
!row 2 number of paddles
!next N rows, the length (cm) four midplane corners
!L  P0x	P0z	P1x	P1z	P2x	P2z	P3x	P3z
!in sector system. In normal view (beam from left, top sector) a paddle is tilted to the left. P0 is the 
!upper right corner, P1 the bottom right, P2 the bottom left, p3 the upper left

Panel 1B
62
  17.2700   53.8462  718.6697   48.4084  721.2054   45.8726  715.7675   51.3105  713.2318
  23.6200   59.3424  716.1068   53.9046  718.6425   51.3689  713.2046   56.8067  710.6689
  30.0800   64.8386  713.5438   59.4008  716.0795   56.8651  710.6417   62.3029  708.1060
  36.4300   70.3348  710.9809   64.8970  713.5166   62.3613  708.0788   67.7991  705.5431
  42.8900   75.8311  708.4180   70.3932  710.9537   67.8575  705.5158   73.2953  702.9801
  49.2400   81.3273  705.8551   75.8894  708.3908   73.3537  702.9529   78.7916  700.4172
  55.7000   86.8235  703.2921   81.3856  705.8278   78.8499  700.3900   84.2878  697.8543
  62.0500   92.3197  700.7292   86.8818  703.2649   84.3461  697.8271   89.7840  695.2914
  68.5100   97.8159  698.1663   92.3781  700.7020   89.8424  695.2641   95.2802  692.7284
  74.8600  103.3121  695.6033   97.8743  698.1391   95.3386  692.7012  100.7764  690.1655
  81.3200  108.8083  693.0404  103.3705  695.5761  100.8348  690.1383  106.2726  687.6026
  87.6700  114.3045  690.4775  108.8667  693.0132  106.3310  687.5754  111.7688  685.0396
  94.1300  119.8008  687.9146  114.3629  690.4503  111.8272  685.0124  117.2651  682.4767
 100.4800  125.2970  685.3516  119.8591  687.8874  117.3234  682.4495  122.7613  679.9138
 106.9400  130.7932  682.7887  125.3553  685.3244  122.8196  679.8866  128.2575  677.3509
 113.2900  136.2894  680.2258  130.8516  682.7615  128.3158  677.3237  133.7537  674.7879
 119.7500  141.7856  677.6629  136.3478  680.1986  133.8121  674.7607  139.2499  672.2250
 126.1000  147.2818  675.0999  141.8440  677.6356  139.3083  672.1978  144.7461  669.6621
 132.5600  152.7780  672.5370  147.3402  675.0727  144.8045  669.6349  150.2423  667.0992
 138.9100  158.2743  669.9741  152.8364  672.5098  150.3007  667.0719  155.7385  664.5362
 145.3700  163.7705  667.4112  158.3326  669.9469  155.7969  664.5090  161.2348  661.9733
 151.7200  169.2667  664.8482  163.8288  667.3839  161.2931  661.9461  166.7310  659.4104
 158.1700  174.7629  662.2853  169.3250  664.8210  166.7893  659.3832  172.2272  656.8475
 164.5200  180.2591  659.7224  174.8213  662.2581  172.2855  656.8202  177.7234  654.2845
 170.9800  185.7553  657.1595  180.3175  659.6952  177.7818  654.2573  183.2196  651.7216
 177.3300  191.2515  654.5965  185.8137  657.1322  183.2780  651.6944  188.7158  649.1587
 183.7900  196.7477  652.0336  191.3099  654.5693  188.7742  649.1315  194.2120  646.5958
 190.1400  202.2440  649.4707  196.8061  652.0064  194.2704  646.5685  199.7082  644.0328
 196.6000  207.7402  646.9077  202.3023  649.4435  199.7666  644.0056  205.2045  641.4699
 202.9500  213.2364  644.3448  207.7985  646.8805  205.2628  641.4427  210.7007  638.9070
 209.4100  218.7326  641.7819  213.2947  644.3176  210.7590  638.8798  216.1969  636.3441
 215.7600  224.2288  639.2190  218.7910  641.7547  216.2553  636.3168  221.6931  633.7811
 222.2200  229.7250  636.6560  224.2872  639.1918  221.7515  633.7539  227.1893  631.2182
 228.5700  235.2212  634.0931  229.7834  636.6288  227.2477  631.1910  232.6855  628.6553
 235.0300  240.7174  631.5302  235.2796  634.0659  232.7439  628.6281  238.1817  626.0923
 241.3800  246.2137  628.9673  240.7758  631.5030  238.2401  626.0651  243.6779  623.5294
 247.8400  251.7099  626.4043  246.2720  628.9400  243.7363  623.5022  249.1742  620.9665
 254.1900  257.2061  623.8414  251.7682  626.3771  249.2325  620.9393  254.6704  618.4036
 260.6500  262.7023  621.2785  257.2645  623.8142  254.7287  618.3764  260.1666  615.8406
 267.0000  268.1985  618.7156  262.7607  621.2513  260.2250  615.8134  265.6628  613.2777
 273.4600  273.6947  616.1526  268.2569  618.6883  265.7212  613.2505  271.1590  610.7148
 279.8100  279.1909  613.5897  273.7531  616.1254  271.2174  610.6876  276.6552  608.1519
 286.2700  284.6871  611.0268  279.2493  613.5625  276.7136  608.1246  282.1514  605.5889
 292.6200  290.1834  608.4639  284.7455  610.9996  282.2098  605.5617  287.6477  603.0260
 299.0800  295.6796  605.9009  290.2417  608.4366  287.7060  602.9988  293.1439  600.4631
 305.4300  301.1758  603.3380  295.7379  605.8737  293.2022  600.4359  298.6401  597.9002
 311.8800  306.6720  600.7751  301.2342  603.3108  298.6984  597.8729  304.1363  595.3372
 318.2300  312.1682  598.2122  306.7304  600.7479  304.1947  595.3100  309.6325  592.7743
 324.6900  317.6644  595.6492  312.2266  598.1849  309.6909  592.7471  315.1287  590.2114
 331.0400  323.1606  593.0863  317.7228  595.6220  315.1871  590.1842  320.6249  587.6485
 337.5000  328.6569  590.5234  323.2190  593.0591  320.6833  587.6212  326.1211  585.0855
 343.8500  334.1531  587.9604  328.7152  590.4962  326.1795  585.0583  331.6174  582.5226
 350.3100  339.6493  585.3975  334.2114  587.9332  331.6757  582.4954  337.1136  579.9597
 356.6600  345.1455  582.8346  339.7076  585.3703  337.1719  579.9325  342.6098  577.3967
 363.1200  350.6417  580.2717  345.2039  582.8074  342.6681  577.3695  348.1060  574.8338
 369.4700  356.1379  577.7087  350.7001  580.2445  348.1644  574.8066  353.6022  572.2709
 375.9300  361.6341  575.1458  356.1963  577.6815  353.6606  572.2437  359.0984  569.7080
 382.2800  367.1303  572.5829  361.6925  575.1186  359.1568  569.6808  364.5946  567.1450
 388.7400  372.6266  570.0200  367.1887  572.5557  364.6530  567.1178  370.0908  564.5821
 395.0900  378.1228  567.4570  372.6849  569.9927  370.1492  564.5549  375.5871  562.0192
 401.5500  383.6190  564.8941  378.1811  567.4298  375.6454  561.9920  381.0833  559.4563
 407.9000  389.1152  562.3312  383.6773  564.8669  381.1416  559.4290  386.5795  556.8933

!row 1 name
!row 2 number of paddles
!next N rows, the length (cm) four midplane corners
!L  P0x	P0z	P1x	P1z	P2x	P2z	P3x	P3z
!in sector system. In normal view (beam from left, top sector) a paddle is tilted to the left. P0 is the 
!upper right corner, P1 the bottom right, P2 the bottom left, p3 the upper left

Panel 2
5
371.3000  391.4761  526.3941  379.8537  545.0735  375.5405  542.3898  387.1628  523.7103
 385.0000  403.2887  507.4090  391.6663  526.0884  387.3530  523.4047  398.9754  504.7253
 398.7000  415.1012  488.4239  403.4788  507.1033  399.1656  504.4196  410.7880  485.7402
 412.5000  426.9138  469.4389  415.2914  488.1183  410.9782  485.4345  422.6005  466.7551
 426.2000  438.7264  450.4538  427.1040  469.1332  422.7907  466.4495  434.4131  447.7701
