1  0.01
3  0.01
5  0.01
7  0.01
9  0.01
11  0.0131873
13  0.0115462
15  0.00996298
17  0.00843755
19  0.00696993
21  0.00556011
23  0.00420809
25  0.00291388
27  0.00167748
29  0.000498881
31  -0.000621913
33  -0.0016849
35  -0.00269009
37  -0.00363746
39  -0.00452704
41  -0.00535881
43  -0.00613277
45  -0.00684893
47  -0.00750728
49  -0.00810783
51  -0.00865058
53  -0.00913552
55  -0.00956265
57  -0.00993198
59  -0.0102435
61  -0.0104972
63  -0.0106931
65  -0.0108312
67  -0.0109116
69  -0.0109341
71  -0.0108987
73  -0.0108056
75  -0.0106547
77  -0.010446
79  -0.0101795
81  -0.00985514
83  -0.00947301
85  -0.00903307
87  -0.00853532
89  -0.00797977
91  -0.00736642
93  -0.00669526
95  -0.00596629
97  -0.00517952
99  -0.00433495
101  -0.00303687
103  -0.00252099
105  -0.00202085
107  -0.00153614
109  -0.00106655
111  -0.000611794
113  -0.000171566
115  0.000254429
117  0.000666483
119  0.00106489
121  0.00144992
123  0.00182188
125  0.00218104
127  0.00252767
129  0.00286205
131  0.00318445
133  0.00349513
135  0.00379437
137  0.00408241
139  0.00435951
141  0.00462593
143  0.00488191
145  0.0051277
147  0.00536353
149  0.00558964
151  0.00580626
153  0.00601363
155  0.00621195
157  0.00640145
159  0.00658234
161  0.00675483
163  0.00691913
165  0.00707544
167  0.00722396
169  0.00736486
171  0.00749835
173  0.00762461
175  0.0077438
177  0.00785611
179  0.0079617
181  0.00806074
183  0.00815338
185  0.00823977
187  0.00832008
189  0.00839444
191  0.00846298
193  0.00852586
195  0.00858319
197  0.0086351
199  0.00868172
201  0.00872316
203  0.00875952
205  0.00879093
207  0.00881748
209  0.00883926
211  0.00885637
213  0.00886891
215  0.00887695
217  0.00888057
219  0.00887985
221  0.00887487
223  0.00886568
225  0.00885235
227  0.00883494
229  0.00881351
231  0.0087881
233  0.00875876
235  0.00872553
237  0.00868846
239  0.00864757
241  0.0086029
243  0.00855448
245  0.00850234
247  0.00844648
249  0.00838694
251  0.00832373
253  0.00825685
255  0.00818633
257  0.00811216
259  0.00803434
261  0.00795289
263  0.00786779
265  0.00777905
267  0.00768665
269  0.0075906
271  0.00749088
273  0.00738748
275  0.00728038
277  0.00716957
279  0.00705504
281  0.00693677
283  0.00681474
285  0.00668894
287  0.00655933
289  0.00642591
291  0.00628864
293  0.00614752
295  0.00600252
297  0.00585361
299  0.00570079
301  0.00554402
303  0.0053833
305  0.0052186
307  0.0050499
309  0.00487719
311  0.00470047
313  0.0045197
315  0.00433489
317  0.00414602
319  0.0039531
321  0.00375611
323  0.00355505
325  0.00334994
327  0.00314077
329  0.00292755
331  0.0027103
333  0.00248903
335  0.00226376
337  0.00203453
339  0.00180135
341  0.00156427
343  0.00132332
345  0.00107855
347  0.000830007
349  0.000577753
351  0.000321848
353  6.2362e-05
355  -0.00020063
357  -0.000467045
359  -0.000736794
361  -0.00100978
363  -0.00128589
365  -0.00156503
367  -0.00184706
369  -0.00213186
371  -0.00241929
373  -0.00270921
375  -0.00300145
377  -0.00329585
379  -0.00359223
381  -0.00389042
383  -0.0041902
385  -0.00449138
387  -0.00479374
389  -0.00509704
391  -0.00540106
393  -0.00570552
395  -0.00601017
397  -0.00631474
399  -0.00661893
401  -0.00692243
403  -0.00722494
405  -0.00752612
407  -0.00782563
409  -0.00812312
411  -0.00841819
413  -0.00871049
415  -0.00899958
417  -0.00928508
419  -0.00956653
421  -0.00984348
423  -0.0101155
425  -0.010382
427  -0.0106427
429  -0.0108968
431  -0.011144
433  -0.0113837
435  -0.0116152
437  -0.0118381
439  -0.0120516
441  -0.0122552
443  -0.0124483
445  -0.0126301
447  -0.0128
449  -0.0129573
451  -0.0131012
453  -0.013231
455  -0.013346
457  -0.0134454
459  -0.0135282
461  -0.0135939
463  -0.0136413
465  -0.0136698
467  -0.0136783
469  -0.0136661
471  -0.013632
473  -0.0135753
475  -0.0134947
477  -0.0133895
479  -0.0132584
481  -0.0131006
483  -0.0129147
485  -0.0126999
487  -0.0124548
489  -0.0121784
491  -0.0118694
493  -0.0115267
495  -0.011149
497  -0.010735
499  -0.0102834
501  -0.00802497
503  -0.00781628
505  -0.00763187
507  -0.00747175
509  -0.00733591
511  -0.00722436
513  -0.0071371
515  -0.00707412
517  -0.00703543
519  -0.00702102
521  -0.0070309
523  -0.00706506
525  -0.00712351
527  -0.00720624
529  -0.00731326
531  -0.00744456
533  -0.00760015
535  -0.00778003
537  -0.00798419
539  -0.00821263
541  -0.00846536
543  -0.00874238
545  -0.00904368
547  -0.00936927
549  -0.00971914
551  -0.0100933
553  -0.0104917
555  -0.0109145
557  -0.0113615
559  -0.0118328
561  -0.0123284
563  -0.0128482
565  -0.0133924
567  -0.0139608
569  -0.0145536
571  -0.0151706
573  -0.0158119
575  -0.0164774
577  -0.0171673
579  -0.0178815
581  -0.0186199
583  -0.0193826
585  -0.0201696
587  -0.0209809
589  -0.0218165
591  -0.0226764
593  -0.0235605
595  -0.024469
597  -0.0254017
599  -0.0263587
601  0.025
603  0.025
605  0.025
607  0.025
609  0.025
611  0.025
613  0.025
615  0.025
617  0.025
619  0.025
621  0.025
623  0.025
625  0.025
627  0.025
629  0.025
631  0.025
633  0.025
635  0.025
637  0.025
639  0.025
641  0.025
643  0.025
645  0.025
647  0.025
649  0.025
651  0.025
653  0.025
655  0.025
657  0.025
659  0.025
661  0.025
663  0.025
665  0.025
667  0.025
669  0.025
671  0.025
673  0.025
675  0.025
677  0.025
679  0.025
681  0.025
683  0.025
685  0.025
687  0.025
689  0.025
691  0.025
693  0.025
695  0.025
697  0.025
699  0.025
701  0.025
703  0.025
705  0.025
707  0.025
709  0.025
711  0.025
713  0.025
715  0.025
717  0.025
719  0.025
721  0.025
723  0.025
725  0.025
727  0.025
729  0.025
731  0.025
733  0.025
735  0.025
737  0.025
739  0.025
741  0.025
743  0.025
745  0.025
747  0.025
749  0.025
